17.478973,78.550918,81,39,79,2,2,11,5,Hyderabad
17.411386,78.436996,88,40,64,3,2,18,4,Hyderabad
17.237299,78.562011,99,33,66,2,7,12,5,Hyderabad
17.258602,78.470359,101,40,65,3,6,4,4,Hyderabad
17.408777,78.418425,84,31,77,3,1,24,4,Hyderabad
17.395318,78.528282,118,40,75,2,8,7,5,Hyderabad
17.376648,78.55583,56,39,69,3,4,26,4,Hyderabad
17.401697,78.446982,92,39,63,2,11,24,4,Hyderabad
17.230541,78.55595,85,40,68,3,2,2,4,Hyderabad
17.227975,78.383848,70,31,64,2,4,15,4,Hyderabad
28.842514,76.860062,119,39,72,2,10,16,4,Delhi
28.802039,76.931805,68,35,68,2,9,3,5,Delhi
28.479222,77.139794,71,36,68,2,10,16,5,Delhi
28.516243,77.087546,67,34,70,2,2,22,5,Delhi
28.436458,76.885864,89,32,77,3,9,16,4,Delhi
28.481736,76.926889,109,38,58,3,10,22,5,Delhi
28.827132,76.840208,106,31,58,2,8,26,4,Delhi
28.612419,77.149691,120,35,77,2,9,19,4,Delhi
28.664852,77.150625,113,34,67,2,14,4,4,Delhi
28.460825,76.896671,74,36,69,2,6,20,4,Delhi
18.904999,72.84745,88,33,72,3,0,4,5,Mumbai
18.914379,72.9852,113,35,61,2,14,6,4,Mumbai
19.055274,72.807769,100,30,71,2,3,8,5,Mumbai
19.2099,72.938263,96,35,59,2,15,21,5,Mumbai
18.963004,72.797361,117,38,63,3,4,6,5,Mumbai
18.945493,72.885976,118,40,77,3,6,23,5,Mumbai
19.144756,72.880914,114,31,74,2,9,25,5,Mumbai
18.951688,72.981784,74,32,77,2,7,7,5,Mumbai
18.993857,72.839331,95,37,73,3,1,10,5,Mumbai
19.23753,72.789617,70,40,68,2,15,11,4,Mumbai
12.902191,80.22282,106,36,64,3,1,25,5,Chennai
12.883074,80.305094,92,40,66,3,11,4,5,Chennai
13.114824,80.296198,116,35,60,2,3,24,4,Chennai
12.967831,80.233328,80,39,64,2,5,12,4,Chennai
12.934684,80.300798,83,35,65,2,8,20,4,Chennai
13.091799,80.209306,86,37,64,3,2,9,5,Chennai
13.176975,80.237257,100,34,63,3,2,20,5,Chennai
13.132878,80.232103,119,37,60,3,4,9,5,Chennai
13.166661,80.311661,68,35,64,3,0,10,4,Chennai
13.129346,80.254912,59,34,64,3,11,16,5,Chennai
26.883754,81.112555,64,31,62,3,13,5,4,Lucknow
26.764727,81.100948,113,37,76,2,10,14,4,Lucknow
26.89775,81.117406,78,34,73,2,1,26,4,Lucknow
26.888969,81.042078,62,32,75,2,3,9,5,Lucknow
27.071526,81.062565,88,32,57,2,15,15,4,Lucknow
26.715688,81.062431,93,40,72,3,2,6,5,Lucknow
26.864956,80.957693,76,36,58,2,4,5,4,Lucknow
26.757711,80.931705,72,35,73,2,12,20,4,Lucknow
26.966634,80.997889,75,40,65,3,4,8,4,Lucknow
26.885364,81.115662,120,34,63,2,10,8,5,Lucknow
25.646512,85.212645,68,33,60,3,11,22,4,Patna
25.563074,85.083068,84,34,67,2,5,24,4,Patna
25.567963,85.062211,88,39,58,3,8,9,4,Patna
25.60369,85.105491,63,37,73,3,4,4,4,Patna
25.638189,85.085509,110,36,73,3,12,17,4,Patna
25.598285,85.275898,68,39,74,2,13,10,5,Patna
25.653608,85.096696,114,39,67,3,10,22,4,Patna
25.569038,85.167016,64,31,74,2,15,16,4,Patna
25.664523,85.192224,116,37,78,3,5,14,4,Patna
25.593171,85.16204,66,30,69,2,11,7,4,Patna
21.291892,85.383864,85,31,61,2,2,22,4,Odisha
20.991498,84.731675,92,34,70,2,7,20,5,Odisha
21.088112,84.853324,78,30,60,2,4,2,5,Odisha
21.252929,86.190909,64,35,71,3,9,9,4,Odisha
21.185822,85.697701,114,31,57,3,11,8,4,Odisha
21.22757,84.530498,55,30,76,3,3,8,5,Odisha
20.959001,85.915589,108,38,64,3,14,16,5,Odisha
21.208127,83.779212,90,34,76,3,6,16,4,Odisha
21.069289,85.017878,74,38,68,3,14,15,5,Odisha
21.314131,85.955892,110,37,64,2,3,18,4,Odisha
15.838779,73.838258,67,39,70,3,7,23,5,Goa
15.60034,73.946538,76,30,79,2,14,11,5,Goa
15.528686,74.164614,73,33,67,2,7,12,5,Goa
15.739853,74.041016,80,32,60,3,4,5,4,Goa
15.749002,73.78463,57,40,76,2,14,15,4,Goa
15.333203,74.087527,112,40,77,3,12,7,5,Goa
15.391826,74.167281,99,38,57,3,15,4,5,Goa
15.555051,74.156005,100,30,67,3,2,6,4,Goa
15.326687,73.963217,97,39,61,3,14,17,5,Goa
15.252046,74.117158,103,40,76,3,9,3,5,Goa
9.920254,76.292596,98,40,67,3,15,2,5,Kochi
9.928783,76.327403,114,39,61,3,11,17,5,Kochi
10.110219,76.250491,84,30,77,3,14,13,4,Kochi
10.076135,76.187684,101,32,76,2,2,3,4,Kochi
10.192244,76.291311,115,36,57,3,10,25,4,Kochi
9.938756,76.206719,85,38,62,3,3,14,5,Kochi
9.938806,76.189024,117,37,63,3,6,5,5,Kochi
10.157767,76.231885,83,40,62,3,11,26,4,Kochi
9.963344,76.278219,60,30,72,3,14,16,4,Kochi
9.934302,76.347642,110,40,66,3,0,18,5,Kochi
17.750425,83.235012,84,35,57,3,6,18,5,Vishakhapatnam
17.721348,83.37835,60,31,79,3,3,8,4,Vishakhapatnam
17.644042,83.222485,64,39,66,3,6,23,5,Vishakhapatnam
17.718126,83.38266,88,30,79,3,4,17,5,Vishakhapatnam
17.690419,83.309154,63,39,61,3,6,13,5,Vishakhapatnam
17.633963,83.339717,107,39,62,2,8,5,5,Vishakhapatnam
17.722997,83.342892,112,39,69,3,5,7,4,Vishakhapatnam
17.660591,83.25919,64,38,69,2,6,5,5,Vishakhapatnam
17.702492,83.316349,80,33,62,2,14,15,4,Vishakhapatnam
17.72603,83.411804,97,37,70,2,7,16,5,Vishakhapatnam
22.985525,72.500506,87,30,62,3,0,22,4,Ahmedabad
23.038856,72.545296,83,34,72,2,10,13,4,Ahmedabad
23.103104,72.523154,103,35,62,3,3,4,4,Ahmedabad
22.966732,72.645881,106,32,75,3,3,20,5,Ahmedabad
23.120186,72.55139,73,33,76,3,9,3,4,Ahmedabad
23.124531,72.682937,84,33,68,2,7,1,5,Ahmedabad
23.093213,72.543079,61,38,75,3,9,2,5,Ahmedabad
22.982096,72.596049,65,32,57,3,15,19,5,Ahmedabad
23.043885,72.500636,70,40,65,2,5,9,5,Ahmedabad
23.017082,72.54185,92,39,59,2,13,2,5,Ahmedabad
